32
57
433.8235
0 1 6.000004
2 1 8.485283
3 1 8.485283
3 0 6.000004
2 0 6.000004
7 4 6.000004
7 5 8.485283
11 8 6.000004
6 4 6.000004
6 5 8.485283
4 5 6.000004
11 9 8.485283
2 7 4.000002
10 8 6.000004
10 9 8.485283
8 9 6.000004
5 1 16.00001
1 9 16.00001
10 3 4.000002
6 12 7.000004
5 13 13.00001
13 12 6.000004
14 11 7.000004
15 15 0
15 9 13.00001
14 15 6.000004
16 17 6.000004
18 17 8.485283
19 17 8.485283
19 16 6.000004
18 16 6.000004
23 20 6.000004
23 21 8.485283
27 24 6.000004
22 20 6.000004
22 21 8.485283
20 21 6.000004
27 25 8.485283
18 23 4.000002
26 24 6.000004
26 25 8.485283
24 25 6.000004
21 17 16.00001
17 25 16.00001
26 19 4.000002
22 28 7.000004
21 29 13.00001
29 28 6.000004
30 27 7.000004
31 31 0
31 25 13.00001
30 31 6.000004
31 15 8
25 9 8
17 1 8
21 5 8
29 13 8

